48
0 EOF
1 Error
2 Whitespace
3 -
4 !=
5 $
6 (
7 )
8 *
9 {
10 }
11 +
12 <
13 <=
14 =
15 ==
16 >
17 >=
18 a
19 bool
20 e
21 else
22 float
23 FloatT
24 for
25 i
26 if
27 int
28 Integer
29 o
30 u
31 while
32 bool
33 cond
34 E
35 Exp
36 F
37 H
38 J
39 K
40 loop
41 op
42 S
43 string
44 T
45 type
46 varDec
47 varRedec

50
0 3 42
1 3 42
2 2 42
3 2 42
4 1 42
5 1 45
6 1 45
7 1 45
8 4 46
9 3 47
10 7 33
11 11 33
12 11 40
13 7 40
14 2 43
15 2 43
16 2 43
17 2 43
18 2 43
19 1 43
20 2 37
21 2 37
22 2 37
23 2 37
24 2 37
25 1 37
26 1 38
27 1 38
28 1 38
29 1 38
30 1 38
31 1 35
32 1 35
33 3 32
34 1 41
35 1 41
36 1 41
37 1 41
38 1 41
39 1 41
40 1 39
41 3 34
42 3 34
43 1 34
44 3 44
45 1 44
46 3 36
47 1 36
48 1 36
49 1 36

99
0 20
5 1 1
18 1 2
19 1 3
20 1 4
22 1 5
24 1 6
25 1 7
26 1 8
27 1 9
29 1 10
30 1 11
31 1 12
33 3 13
38 3 14
40 3 15
42 3 16
43 3 17
45 3 18
46 3 19
47 3 20
1 2
0 2 4
10 2 4
2 19
18 1 21
20 1 22
25 1 23
29 1 24
30 1 25
37 3 26
38 3 27
3 2 26
4 2 26
5 2 26
7 2 26
8 2 26
11 2 26
12 2 26
13 2 26
14 2 26
15 2 26
16 2 26
17 2 26
3 5
18 2 7
20 2 7
25 2 7
29 2 7
30 2 7
4 19
18 1 21
20 1 22
25 1 23
29 1 24
30 1 25
37 3 28
38 3 27
3 2 27
4 2 27
5 2 27
7 2 27
8 2 27
11 2 27
12 2 27
13 2 27
14 2 27
15 2 27
16 2 27
17 2 27
5 5
18 2 5
20 2 5
25 2 5
29 2 5
30 2 5
6 1
6 1 29
7 19
18 1 21
20 1 22
25 1 23
29 1 24
30 1 25
37 3 30
38 3 27
3 2 28
4 2 28
5 2 28
7 2 28
8 2 28
11 2 28
12 2 28
13 2 28
14 2 28
15 2 28
16 2 28
17 2 28
8 1
6 1 31
9 5
18 2 6
20 2 6
25 2 6
29 2 6
30 2 6
10 19
18 1 21
20 1 22
25 1 23
29 1 24
30 1 25
37 3 32
38 3 27
3 2 29
4 2 29
5 2 29
7 2 29
8 2 29
11 2 29
12 2 29
13 2 29
14 2 29
15 2 29
16 2 29
17 2 29
11 19
18 1 21
20 1 22
25 1 23
29 1 24
30 1 25
37 3 33
38 3 27
3 2 30
4 2 30
5 2 30
7 2 30
8 2 30
11 2 30
12 2 30
13 2 30
14 2 30
15 2 30
16 2 30
17 2 30
12 1
6 1 34
13 20
5 1 1
18 1 2
19 1 3
20 1 4
22 1 5
24 1 6
25 1 7
26 1 8
27 1 9
29 1 10
30 1 11
31 1 12
33 3 13
38 3 14
40 3 15
42 3 35
43 3 17
45 3 18
46 3 19
47 3 20
14 12
3 2 19
4 2 19
5 2 19
7 2 19
8 2 19
11 2 19
12 2 19
13 2 19
14 2 19
15 2 19
16 2 19
17 2 19
15 20
5 1 1
18 1 2
19 1 3
20 1 4
22 1 5
24 1 6
25 1 7
26 1 8
27 1 9
29 1 10
30 1 11
31 1 12
33 3 13
38 3 14
40 3 15
42 3 36
43 3 17
45 3 18
46 3 19
47 3 20
16 1
0 4 0
17 1
14 1 37
18 7
18 1 2
20 1 4
25 1 7
29 1 10
30 1 11
38 3 14
43 3 38
19 1
5 1 39
20 1
5 1 40
21 19
18 1 21
20 1 22
25 1 23
29 1 24
30 1 25
37 3 41
38 3 27
3 2 26
4 2 26
5 2 26
7 2 26
8 2 26
11 2 26
12 2 26
13 2 26
14 2 26
15 2 26
16 2 26
17 2 26
22 19
18 1 21
20 1 22
25 1 23
29 1 24
30 1 25
37 3 42
38 3 27
3 2 27
4 2 27
5 2 27
7 2 27
8 2 27
11 2 27
12 2 27
13 2 27
14 2 27
15 2 27
16 2 27
17 2 27
23 19
18 1 21
20 1 22
25 1 23
29 1 24
30 1 25
37 3 43
38 3 27
3 2 28
4 2 28
5 2 28
7 2 28
8 2 28
11 2 28
12 2 28
13 2 28
14 2 28
15 2 28
16 2 28
17 2 28
24 19
18 1 21
20 1 22
25 1 23
29 1 24
30 1 25
37 3 44
38 3 27
3 2 29
4 2 29
5 2 29
7 2 29
8 2 29
11 2 29
12 2 29
13 2 29
14 2 29
15 2 29
16 2 29
17 2 29
25 19
18 1 21
20 1 22
25 1 23
29 1 24
30 1 25
37 3 45
38 3 27
3 2 30
4 2 30
5 2 30
7 2 30
8 2 30
11 2 30
12 2 30
13 2 30
14 2 30
15 2 30
16 2 30
17 2 30
26 12
3 2 14
4 2 14
5 2 14
7 2 14
8 2 14
11 2 14
12 2 14
13 2 14
14 2 14
15 2 14
16 2 14
17 2 14
27 12
3 2 25
4 2 25
5 2 25
7 2 25
8 2 25
11 2 25
12 2 25
13 2 25
14 2 25
15 2 25
16 2 25
17 2 25
28 12
3 2 15
4 2 15
5 2 15
7 2 15
8 2 15
11 2 15
12 2 15
13 2 15
14 2 15
15 2 15
16 2 15
17 2 15
29 5
19 1 3
22 1 5
27 1 9
45 3 18
46 3 46
30 12
3 2 16
4 2 16
5 2 16
7 2 16
8 2 16
11 2 16
12 2 16
13 2 16
14 2 16
15 2 16
16 2 16
17 2 16
31 16
6 1 47
18 1 2
20 1 4
23 1 48
25 1 7
28 1 49
29 1 10
30 1 11
32 3 50
34 3 51
35 3 52
36 3 53
38 3 14
39 3 54
43 3 55
44 3 56
32 12
3 2 17
4 2 17
5 2 17
7 2 17
8 2 17
11 2 17
12 2 17
13 2 17
14 2 17
15 2 17
16 2 17
17 2 17
33 12
3 2 18
4 2 18
5 2 18
7 2 18
8 2 18
11 2 18
12 2 18
13 2 18
14 2 18
15 2 18
16 2 18
17 2 18
34 16
6 1 47
18 1 2
20 1 4
23 1 48
25 1 7
28 1 49
29 1 10
30 1 11
32 3 50
34 3 51
35 3 57
36 3 53
38 3 14
39 3 54
43 3 55
44 3 56
35 2
0 2 2
10 2 2
36 2
0 2 3
10 2 3
37 16
6 1 47
18 1 2
20 1 4
23 1 48
25 1 7
28 1 49
29 1 10
30 1 11
32 3 50
34 3 51
35 3 58
36 3 53
38 3 14
39 3 54
43 3 55
44 3 56
38 1
14 1 59
39 20
5 1 1
18 1 2
19 1 3
20 1 4
22 1 5
24 1 6
25 1 7
26 1 8
27 1 9
29 1 10
30 1 11
31 1 12
33 3 13
38 3 14
40 3 15
42 3 60
43 3 17
45 3 18
46 3 19
47 3 20
40 20
5 1 1
18 1 2
19 1 3
20 1 4
22 1 5
24 1 6
25 1 7
26 1 8
27 1 9
29 1 10
30 1 11
31 1 12
33 3 13
38 3 14
40 3 15
42 3 61
43 3 17
45 3 18
46 3 19
47 3 20
41 12
3 2 20
4 2 20
5 2 20
7 2 20
8 2 20
11 2 20
12 2 20
13 2 20
14 2 20
15 2 20
16 2 20
17 2 20
42 12
3 2 21
4 2 21
5 2 21
7 2 21
8 2 21
11 2 21
12 2 21
13 2 21
14 2 21
15 2 21
16 2 21
17 2 21
43 12
3 2 22
4 2 22
5 2 22
7 2 22
8 2 22
11 2 22
12 2 22
13 2 22
14 2 22
15 2 22
16 2 22
17 2 22
44 12
3 2 23
4 2 23
5 2 23
7 2 23
8 2 23
11 2 23
12 2 23
13 2 23
14 2 23
15 2 23
16 2 23
17 2 23
45 12
3 2 24
4 2 24
5 2 24
7 2 24
8 2 24
11 2 24
12 2 24
13 2 24
14 2 24
15 2 24
16 2 24
17 2 24
46 1
5 1 62
47 13
6 1 47
18 1 2
20 1 4
23 1 48
25 1 7
28 1 49
29 1 10
30 1 11
34 3 63
36 3 53
38 3 14
43 3 55
44 3 56
48 11
3 2 48
4 2 48
5 2 48
7 2 48
8 2 48
11 2 48
12 2 48
13 2 48
15 2 48
16 2 48
17 2 48
49 11
3 2 47
4 2 47
5 2 47
7 2 47
8 2 47
11 2 47
12 2 47
13 2 47
15 2 47
16 2 47
17 2 47
50 2
5 2 32
7 2 32
51 10
3 1 64
11 1 65
4 2 40
5 2 40
7 2 40
12 2 40
13 2 40
15 2 40
16 2 40
17 2 40
52 1
7 1 66
53 11
3 2 45
4 2 45
5 2 45
7 2 45
8 2 45
11 2 45
12 2 45
13 2 45
15 2 45
16 2 45
17 2 45
54 9
4 1 67
12 1 68
13 1 69
15 1 70
16 1 71
17 1 72
41 3 73
5 2 31
7 2 31
55 11
3 2 49
4 2 49
5 2 49
7 2 49
8 2 49
11 2 49
12 2 49
13 2 49
15 2 49
16 2 49
17 2 49
56 11
8 1 74
3 2 43
4 2 43
5 2 43
7 2 43
11 2 43
12 2 43
13 2 43
15 2 43
16 2 43
17 2 43
57 1
7 1 75
58 2
5 2 9
7 2 9
59 16
6 1 47
18 1 2
20 1 4
23 1 48
25 1 7
28 1 49
29 1 10
30 1 11
32 3 50
34 3 51
35 3 76
36 3 53
38 3 14
39 3 54
43 3 55
44 3 56
60 2
0 2 0
10 2 0
61 2
0 2 1
10 2 1
62 16
6 1 47
18 1 2
20 1 4
23 1 48
25 1 7
28 1 49
29 1 10
30 1 11
32 3 50
34 3 51
35 3 77
36 3 53
38 3 14
39 3 54
43 3 55
44 3 56
63 3
3 1 64
7 1 78
11 1 65
64 12
6 1 47
18 1 2
20 1 4
23 1 48
25 1 7
28 1 49
29 1 10
30 1 11
36 3 53
38 3 14
43 3 55
44 3 79
65 12
6 1 47
18 1 2
20 1 4
23 1 48
25 1 7
28 1 49
29 1 10
30 1 11
36 3 53
38 3 14
43 3 55
44 3 80
66 1
9 1 81
67 8
6 2 39
18 2 39
20 2 39
23 2 39
25 2 39
28 2 39
29 2 39
30 2 39
68 8
6 2 36
18 2 36
20 2 36
23 2 36
25 2 36
28 2 36
29 2 36
30 2 36
69 8
6 2 37
18 2 37
20 2 37
23 2 37
25 2 37
28 2 37
29 2 37
30 2 37
70 8
6 2 34
18 2 34
20 2 34
23 2 34
25 2 34
28 2 34
29 2 34
30 2 34
71 8
6 2 35
18 2 35
20 2 35
23 2 35
25 2 35
28 2 35
29 2 35
30 2 35
72 8
6 2 38
18 2 38
20 2 38
23 2 38
25 2 38
28 2 38
29 2 38
30 2 38
73 14
6 1 47
18 1 2
20 1 4
23 1 48
25 1 7
28 1 49
29 1 10
30 1 11
34 3 51
36 3 53
38 3 14
39 3 82
43 3 55
44 3 56
74 11
6 1 47
18 1 2
20 1 4
23 1 48
25 1 7
28 1 49
29 1 10
30 1 11
36 3 83
38 3 14
43 3 55
75 1
9 1 84
76 1
5 2 8
77 1
5 1 85
78 11
3 2 46
4 2 46
5 2 46
7 2 46
8 2 46
11 2 46
12 2 46
13 2 46
15 2 46
16 2 46
17 2 46
79 11
8 1 74
3 2 42
4 2 42
5 2 42
7 2 42
11 2 42
12 2 42
13 2 42
15 2 42
16 2 42
17 2 42
80 11
8 1 74
3 2 41
4 2 41
5 2 41
7 2 41
11 2 41
12 2 41
13 2 41
15 2 41
16 2 41
17 2 41
81 20
5 1 1
18 1 2
19 1 3
20 1 4
22 1 5
24 1 6
25 1 7
26 1 8
27 1 9
29 1 10
30 1 11
31 1 12
33 3 13
38 3 14
40 3 15
42 3 86
43 3 17
45 3 18
46 3 19
47 3 20
82 2
5 2 33
7 2 33
83 11
3 2 44
4 2 44
5 2 44
7 2 44
8 2 44
11 2 44
12 2 44
13 2 44
15 2 44
16 2 44
17 2 44
84 20
5 1 1
18 1 2
19 1 3
20 1 4
22 1 5
24 1 6
25 1 7
26 1 8
27 1 9
29 1 10
30 1 11
31 1 12
33 3 13
38 3 14
40 3 15
42 3 87
43 3 17
45 3 18
46 3 19
47 3 20
85 8
18 1 2
20 1 4
25 1 7
29 1 10
30 1 11
38 3 14
43 3 17
47 3 88
86 1
10 1 89
87 1
10 1 90
88 1
7 1 91
89 13
21 1 92
5 2 10
18 2 10
19 2 10
20 2 10
22 2 10
24 2 10
25 2 10
26 2 10
27 2 10
29 2 10
30 2 10
31 2 10
90 12
5 2 13
18 2 13
19 2 13
20 2 13
22 2 13
24 2 13
25 2 13
26 2 13
27 2 13
29 2 13
30 2 13
31 2 13
91 1
9 1 93
92 1
9 1 94
93 20
5 1 1
18 1 2
19 1 3
20 1 4
22 1 5
24 1 6
25 1 7
26 1 8
27 1 9
29 1 10
30 1 11
31 1 12
33 3 13
38 3 14
40 3 15
42 3 95
43 3 17
45 3 18
46 3 19
47 3 20
94 20
5 1 1
18 1 2
19 1 3
20 1 4
22 1 5
24 1 6
25 1 7
26 1 8
27 1 9
29 1 10
30 1 11
31 1 12
33 3 13
38 3 14
40 3 15
42 3 96
43 3 17
45 3 18
46 3 19
47 3 20
95 1
10 1 97
96 1
10 1 98
97 12
5 2 12
18 2 12
19 2 12
20 2 12
22 2 12
24 2 12
25 2 12
26 2 12
27 2 12
29 2 12
30 2 12
31 2 12
98 12
5 2 11
18 2 11
19 2 11
20 2 11
22 2 11
24 2 11
25 2 11
26 2 11
27 2 11
29 2 11
30 2 11
31 2 11
